/*
 // Author: Daniele Ghisi
 // For information on usage and redistribution, and for a DISCLAIMER OF ALL
 // WARRANTIES, see the file, "LICENSE.txt," in this distribution.
 */

#pragma once

#define HOA_ROTATION_3D_MAXORDER 21
#define HOA_ROTATION_3D_MAXMATDIM (2*HOA_ROTATION_3D_MAXORDER + 1)
namespace hoa
{
    // All non-initialized elements are by default initialized to 0
    const double mat0[HOA_ROTATION_3D_MAXMATDIM][HOA_ROTATION_3D_MAXMATDIM] = { { 1. } };
    
    const double mat1[HOA_ROTATION_3D_MAXMATDIM][HOA_ROTATION_3D_MAXMATDIM] = {
        { 1.0000000e+00,  0.0000000e+00,   0.0000000e+00},
        { 0.0000000e+00,  0.0000000e+00,   1.0000000e+00},
        { 0.0000000e+00, -1.0000000e+00,   0.0000000e+00},
    };
    
    const double mat2[HOA_ROTATION_3D_MAXMATDIM][HOA_ROTATION_3D_MAXMATDIM] = {
        { 0.0000000e+00, -1.0000000e+00,  0.0000000e+00,  0.0000000e+00,  0.0000000e+00 },
        { 1.0000000e+00, -0.0000000e+00,  0.0000000e+00,  0.0000000e+00,  0.0000000e+00 },
        { 0.0000000e+00,  0.0000000e+00, -5.0000000e-01,  0.0000000e+00,  8.6602540e-01 },
        { 0.0000000e+00,  0.0000000e+00, -0.0000000e+00, -1.0000000e+00,  0.0000000e+00 },
        { 0.0000000e+00,  0.0000000e+00,  8.6602540e-01, -0.0000000e+00,  5.0000000e-01 }
    };
    
    const double mat3[HOA_ROTATION_3D_MAXMATDIM][HOA_ROTATION_3D_MAXMATDIM] = {
        { 2.5000000e-01, -0.0000000e+00,  9.6824584e-01,  0.0000000e+00,  0.0000000e+00,  0.0000000e+00,  0.0000000e+00 },
        { 0.0000000e+00, -1.0000000e+00,  0.0000000e+00,  0.0000000e+00,  0.0000000e+00,  0.0000000e+00,  0.0000000e+00 },
        { 9.6824584e-01, -0.0000000e+00, -2.5000000e-01,  0.0000000e+00,  0.0000000e+00,  0.0000000e+00,  0.0000000e+00 },
        { 0.0000000e+00,  0.0000000e+00,  0.0000000e+00,  0.0000000e+00, -6.1237244e-01,  0.0000000e+00,  7.9056942e-01 },
        { 0.0000000e+00,  0.0000000e+00,  0.0000000e+00,  6.1237244e-01, -0.0000000e+00, -7.9056942e-01,  0.0000000e+00 },
        { 0.0000000e+00,  0.0000000e+00,  0.0000000e+00,  0.0000000e+00,  7.9056942e-01, -0.0000000e+00,  6.1237244e-01 },
        { 0.0000000e+00,  0.0000000e+00,  0.0000000e+00, -7.9056942e-01,  0.0000000e+00, -6.1237244e-01,  0.0000000e+00 }
    };
    
    const double mat4[HOA_ROTATION_3D_MAXMATDIM][HOA_ROTATION_3D_MAXMATDIM] = {
        { 0.0000000e+00, -3.5355339e-01,  0.0000000e+00, -9.3541435e-01,  0.0000000e+00,  0.0000000e+00,  0.0000000e+00,  0.0000000e+00,  0.0000000e+00 },
        { 3.5355339e-01, -0.0000000e+00,  9.3541435e-01, -0.0000000e+00,  0.0000000e+00,  0.0000000e+00,  0.0000000e+00,  0.0000000e+00,  0.0000000e+00 },
        { 0.0000000e+00, -9.3541435e-01,  0.0000000e+00,  3.5355339e-01,  0.0000000e+00,  0.0000000e+00,  0.0000000e+00,  0.0000000e+00,  0.0000000e+00 },
        { 9.3541435e-01, -0.0000000e+00, -3.5355339e-01,  0.0000000e+00,  0.0000000e+00,  0.0000000e+00,  0.0000000e+00,  0.0000000e+00,  0.0000000e+00 },
        { 0.0000000e+00,  0.0000000e+00,  0.0000000e+00,  0.0000000e+00,  3.7500000e-01,  0.0000000e+00, -5.5901699e-01,  0.0000000e+00,  7.3950997e-01 },
        { 0.0000000e+00,  0.0000000e+00,  0.0000000e+00,  0.0000000e+00, -0.0000000e+00,  7.5000000e-01, -0.0000000e+00, -6.6143783e-01,  0.0000000e+00 },
        { 0.0000000e+00,  0.0000000e+00,  0.0000000e+00,  0.0000000e+00, -5.5901699e-01,  0.0000000e+00,  5.0000000e-01, -0.0000000e+00,  6.6143783e-01 },
        { 0.0000000e+00,  0.0000000e+00,  0.0000000e+00,  0.0000000e+00, -0.0000000e+00, -6.6143783e-01,  0.0000000e+00, -7.5000000e-01,  0.0000000e+00 },
        { 0.0000000e+00,  0.0000000e+00,  0.0000000e+00,  0.0000000e+00,  7.3950997e-01, -0.0000000e+00,  6.6143783e-01, -0.0000000e+00,  1.2500000e-01 },
    };
    
    const double mat5[HOA_ROTATION_3D_MAXMATDIM][HOA_ROTATION_3D_MAXMATDIM] = {
        { 6.2500000e-02, -0.0000000e+00,  4.1926275e-01, -0.0000000e+00,  9.0571105e-01,  0.0000000e+00,  0.0000000e+00,  0.0000000e+00,  0.0000000e+00,  0.0000000e+00,  0.0000000e+00 },
        { 0.0000000e+00, -5.0000000e-01,  0.0000000e+00, -8.6602540e-01,  0.0000000e+00,  0.0000000e+00,  0.0000000e+00,  0.0000000e+00,  0.0000000e+00,  0.0000000e+00,  0.0000000e+00 },
        { 4.1926275e-01, -0.0000000e+00,  8.1250000e-01, -0.0000000e+00, -4.0504629e-01,  0.0000000e+00,  0.0000000e+00,  0.0000000e+00,  0.0000000e+00,  0.0000000e+00,  0.0000000e+00 },
        { 0.0000000e+00, -8.6602540e-01,  0.0000000e+00,  5.0000000e-01, -0.0000000e+00,  0.0000000e+00,  0.0000000e+00,  0.0000000e+00,  0.0000000e+00,  0.0000000e+00,  0.0000000e+00 },
        { 9.0571105e-01, -0.0000000e+00, -4.0504629e-01,  0.0000000e+00,  1.2500000e-01,  0.0000000e+00,  0.0000000e+00,  0.0000000e+00,  0.0000000e+00,  0.0000000e+00,  0.0000000e+00 },
        { 0.0000000e+00,  0.0000000e+00,  0.0000000e+00,  0.0000000e+00,  0.0000000e+00,  0.0000000e+00,  4.8412292e-01,  0.0000000e+00, -5.2291252e-01,  0.0000000e+00,  7.0156076e-01 },
        { 0.0000000e+00,  0.0000000e+00,  0.0000000e+00,  0.0000000e+00,  0.0000000e+00, -4.8412292e-01,  0.0000000e+00,  6.6143783e-01, -0.0000000e+00, -5.7282196e-01,  0.0000000e+00 },
        { 0.0000000e+00,  0.0000000e+00,  0.0000000e+00,  0.0000000e+00,  0.0000000e+00,  0.0000000e+00, -6.6143783e-01,  0.0000000e+00,  3.0618622e-01, -0.0000000e+00,  6.8465320e-01 },
        { 0.0000000e+00,  0.0000000e+00,  0.0000000e+00,  0.0000000e+00,  0.0000000e+00,  5.2291252e-01, -0.0000000e+00, -3.0618622e-01,  0.0000000e+00, -7.9549513e-01,  0.0000000e+00 },
        { 0.0000000e+00,  0.0000000e+00,  0.0000000e+00,  0.0000000e+00,  0.0000000e+00,  0.0000000e+00,  5.7282196e-01, -0.0000000e+00,  7.9549513e-01, -0.0000000e+00,  1.9764235e-01 },
        { 0.0000000e+00,  0.0000000e+00,  0.0000000e+00,  0.0000000e+00,  0.0000000e+00, -7.0156076e-01,  0.0000000e+00, -6.8465320e-01,  0.0000000e+00, -1.9764235e-01,  0.0000000e+00 }
    };

    const double mat6[HOA_ROTATION_3D_MAXMATDIM][HOA_ROTATION_3D_MAXMATDIM] = {
        { 0.0000000e+00, -1.0825318e-01,  0.0000000e+00, -4.6351241e-01,  0.0000000e+00, -8.7945295e-01,  0.0000000e+00,  0.0000000e+00,  0.0000000e+00,  0.0000000e+00,  0.0000000e+00,  0.0000000e+00,  0.0000000e+00 },
        { 1.0825318e-01, -0.0000000e+00,  5.8630197e-01, -0.0000000e+00,  8.0282704e-01, -0.0000000e+00,  0.0000000e+00,  0.0000000e+00,  0.0000000e+00,  0.0000000e+00,  0.0000000e+00,  0.0000000e+00,  0.0000000e+00 },
        { 0.0000000e+00, -5.8630197e-01,  0.0000000e+00, -6.8465320e-01,  0.0000000e+00,  4.3301270e-01,  0.0000000e+00,  0.0000000e+00,  0.0000000e+00,  0.0000000e+00,  0.0000000e+00,  0.0000000e+00,  0.0000000e+00 },
        { 4.6351241e-01, -0.0000000e+00,  6.8465320e-01, -0.0000000e+00, -5.6250000e-01,  0.0000000e+00,  0.0000000e+00,  0.0000000e+00,  0.0000000e+00,  0.0000000e+00,  0.0000000e+00,  0.0000000e+00,  0.0000000e+00 },
        { 0.0000000e+00, -8.0282704e-01,  0.0000000e+00,  5.6250000e-01, -0.0000000e+00, -1.9764235e-01,  0.0000000e+00,  0.0000000e+00,  0.0000000e+00,  0.0000000e+00,  0.0000000e+00,  0.0000000e+00,  0.0000000e+00 },
        { 8.7945295e-01, -0.0000000e+00, -4.3301270e-01,  0.0000000e+00,  1.9764235e-01, -0.0000000e+00,  0.0000000e+00,  0.0000000e+00,  0.0000000e+00,  0.0000000e+00,  0.0000000e+00,  0.0000000e+00,  0.0000000e+00 },
        { 0.0000000e+00,  0.0000000e+00,  0.0000000e+00,  0.0000000e+00,  0.0000000e+00,  0.0000000e+00, -3.1250000e-01,  0.0000000e+00,  4.5285552e-01,  0.0000000e+00, -4.9607837e-01,  0.0000000e+00,  6.7169329e-01 },
        { 0.0000000e+00,  0.0000000e+00,  0.0000000e+00,  0.0000000e+00,  0.0000000e+00,  0.0000000e+00, -0.0000000e+00, -6.2500000e-01,  0.0000000e+00,  5.9292706e-01, -0.0000000e+00, -5.0775240e-01,  0.0000000e+00 },
        { 0.0000000e+00,  0.0000000e+00,  0.0000000e+00,  0.0000000e+00,  0.0000000e+00,  0.0000000e+00,  4.5285552e-01, -0.0000000e+00, -5.3125000e-01,  0.0000000e+00,  1.7116330e-01, -0.0000000e+00,  6.9526861e-01 },
        { 0.0000000e+00,  0.0000000e+00,  0.0000000e+00,  0.0000000e+00,  0.0000000e+00,  0.0000000e+00, -0.0000000e+00,  5.9292706e-01, -0.0000000e+00, -6.2500000e-02,  0.0000000e+00, -8.0282704e-01,  0.0000000e+00 },
        { 0.0000000e+00,  0.0000000e+00,  0.0000000e+00,  0.0000000e+00,  0.0000000e+00,  0.0000000e+00, -4.9607837e-01,  0.0000000e+00,  1.7116330e-01, -0.0000000e+00,  8.1250000e-01, -0.0000000e+00,  2.5387620e-01 },
        { 0.0000000e+00,  0.0000000e+00,  0.0000000e+00,  0.0000000e+00,  0.0000000e+00,  0.0000000e+00, -0.0000000e+00, -5.0775240e-01,  0.0000000e+00, -8.0282704e-01,  0.0000000e+00, -3.1250000e-01,  0.0000000e+00 },
        { 0.0000000e+00,  0.0000000e+00,  0.0000000e+00,  0.0000000e+00,  0.0000000e+00,  0.0000000e+00,  6.7169329e-01, -0.0000000e+00,  6.9526861e-01, -0.0000000e+00,  2.5387620e-01, -0.0000000e+00,  3.1250000e-02 }
    };
    
    const double mat7[HOA_ROTATION_3D_MAXMATDIM][HOA_ROTATION_3D_MAXMATDIM] = {
        { 1.5625000e-02, -0.0000000e+00,  1.4905300e-01, -0.0000000e+00,  4.9435288e-01, -0.0000000e+00,  8.5624430e-01,  0.0000000e+00,  0.0000000e+00,  0.0000000e+00,  0.0000000e+00,  0.0000000e+00,  0.0000000e+00,  0.0000000e+00,  0.0000000e+00 },
        { 0.0000000e+00, -1.8750000e-01,  0.0000000e+00, -6.3737744e-01,  0.0000000e+00, -7.4739130e-01,  0.0000000e+00,  0.0000000e+00,  0.0000000e+00,  0.0000000e+00,  0.0000000e+00,  0.0000000e+00,  0.0000000e+00,  0.0000000e+00,  0.0000000e+00 },
        { 1.4905300e-01, -0.0000000e+00,  6.7187500e-01, -0.0000000e+00,  5.7004489e-01, -0.0000000e+00, -4.4879396e-01,  0.0000000e+00,  0.0000000e+00,  0.0000000e+00,  0.0000000e+00,  0.0000000e+00,  0.0000000e+00,  0.0000000e+00,  0.0000000e+00 },
        { 0.0000000e+00, -6.3737744e-01,  0.0000000e+00, -5.0000000e-01, -0.0000000e+00,  5.8630197e-01, -0.0000000e+00,  0.0000000e+00,  0.0000000e+00,  0.0000000e+00,  0.0000000e+00,  0.0000000e+00,  0.0000000e+00,  0.0000000e+00,  0.0000000e+00 },
        { 4.9435288e-01, -0.0000000e+00,  5.7004489e-01,  0.0000000e+00, -6.0937500e-01,  0.0000000e+00,  2.4356964e-01,  0.0000000e+00,  0.0000000e+00,  0.0000000e+00,  0.0000000e+00,  0.0000000e+00,  0.0000000e+00,  0.0000000e+00,  0.0000000e+00 },
        { 0.0000000e+00, -7.4739130e-01,  0.0000000e+00,  5.8630197e-01, -0.0000000e+00, -3.1250000e-01,  0.0000000e+00,  0.0000000e+00,  0.0000000e+00,  0.0000000e+00,  0.0000000e+00,  0.0000000e+00,  0.0000000e+00,  0.0000000e+00,  0.0000000e+00 },
        { 8.5624430e-01, -0.0000000e+00, -4.4879396e-01,  0.0000000e+00,  2.4356964e-01, -0.0000000e+00, -7.8125000e-02,  0.0000000e+00,  0.0000000e+00,  0.0000000e+00,  0.0000000e+00,  0.0000000e+00,  0.0000000e+00,  0.0000000e+00,  0.0000000e+00 },
        { 0.0000000e+00,  0.0000000e+00,  0.0000000e+00,  0.0000000e+00,  0.0000000e+00,  0.0000000e+00,  0.0000000e+00,  0.0000000e+00, -4.1339864e-01,  0.0000000e+00,  4.2961647e-01,  0.0000000e+00, -4.7495888e-01,  0.0000000e+00,  6.4725985e-01 },
        { 0.0000000e+00,  0.0000000e+00,  0.0000000e+00,  0.0000000e+00,  0.0000000e+00,  0.0000000e+00,  0.0000000e+00,  4.1339864e-01, -0.0000000e+00, -5.7409916e-01,  0.0000000e+00,  5.3855275e-01, -0.0000000e+00, -4.5768183e-01,  0.0000000e+00 },
        { 0.0000000e+00,  0.0000000e+00,  0.0000000e+00,  0.0000000e+00,  0.0000000e+00,  0.0000000e+00,  0.0000000e+00,  0.0000000e+00,  5.7409916e-01, -0.0000000e+00, -4.1984465e-01,  0.0000000e+00,  7.3287746e-02, -0.0000000e+00,  6.9912054e-01 },
        { 0.0000000e+00,  0.0000000e+00,  0.0000000e+00,  0.0000000e+00,  0.0000000e+00,  0.0000000e+00,  0.0000000e+00, -4.2961647e-01,  0.0000000e+00,  4.1984465e-01, -0.0000000e+00,  1.0364452e-01,  0.0000000e+00, -7.9272818e-01,  0.0000000e+00 },
        { 0.0000000e+00,  0.0000000e+00,  0.0000000e+00,  0.0000000e+00,  0.0000000e+00,  0.0000000e+00,  0.0000000e+00,  0.0000000e+00, -5.3855275e-01,  0.0000000e+00, -1.0364452e-01, -0.0000000e+00,  7.8125000e-01, -0.0000000e+00,  2.9810600e-01 },
        { 0.0000000e+00,  0.0000000e+00,  0.0000000e+00,  0.0000000e+00,  0.0000000e+00,  0.0000000e+00,  0.0000000e+00,  4.7495888e-01, -0.0000000e+00, -7.3287746e-02,  0.0000000e+00, -7.8125000e-01,  0.0000000e+00, -3.9836090e-01,  0.0000000e+00 },
        { 0.0000000e+00,  0.0000000e+00,  0.0000000e+00,  0.0000000e+00,  0.0000000e+00,  0.0000000e+00,  0.0000000e+00,  0.0000000e+00,  4.5768183e-01, -0.0000000e+00,  7.9272818e-01, -0.0000000e+00,  3.9836090e-01, -0.0000000e+00,  5.8463397e-02 },
        { 0.0000000e+00,  0.0000000e+00,  0.0000000e+00,  0.0000000e+00,  0.0000000e+00,  0.0000000e+00,  0.0000000e+00, -6.4725985e-01,  0.0000000e+00, -6.9912054e-01,  0.0000000e+00, -2.9810600e-01,  0.0000000e+00, -5.8463397e-02,  0.0000000e+00 }
    };

    const double mat8[HOA_ROTATION_3D_MAXMATDIM][HOA_ROTATION_3D_MAXMATDIM] = {
        { 0.0000000e+00, -3.1250000e-02,  0.0000000e+00, -1.8487749e-01,  0.0000000e+00, -5.1633474e-01,  0.0000000e+00, -8.3560887e-01,  0.0000000e+00,  0.0000000e+00,  0.0000000e+00,  0.0000000e+00,  0.0000000e+00,  0.0000000e+00,  0.0000000e+00,  0.0000000e+00,  0.0000000e+00 },
        { 3.1250000e-02, -0.0000000e+00,  2.5674495e-01, -0.0000000e+00,  6.6658528e-01, -0.0000000e+00,  6.9912054e-01, -0.0000000e+00,  0.0000000e+00,  0.0000000e+00,  0.0000000e+00,  0.0000000e+00,  0.0000000e+00,  0.0000000e+00,  0.0000000e+00,  0.0000000e+00,  0.0000000e+00 },
        { 0.0000000e+00, -2.5674495e-01,  0.0000000e+00, -7.0883101e-01,  0.0000000e+00, -4.7134697e-01,  0.0000000e+00,  4.5768183e-01,  0.0000000e+00,  0.0000000e+00,  0.0000000e+00,  0.0000000e+00,  0.0000000e+00,  0.0000000e+00,  0.0000000e+00,  0.0000000e+00,  0.0000000e+00 },
        { 1.8487749e-01, -0.0000000e+00,  7.0883101e-01, -0.0000000e+00,  3.3802043e-01,  0.0000000e+00, -5.9086470e-01,  0.0000000e+00,  0.0000000e+00,  0.0000000e+00,  0.0000000e+00,  0.0000000e+00,  0.0000000e+00,  0.0000000e+00,  0.0000000e+00,  0.0000000e+00,  0.0000000e+00 },
        { 0.0000000e+00, -6.6658528e-01,  0.0000000e+00, -3.3802043e-01, -0.0000000e+00,  6.0515365e-01, -0.0000000e+00, -2.7421764e-01,  0.0000000e+00,  0.0000000e+00,  0.0000000e+00,  0.0000000e+00,  0.0000000e+00,  0.0000000e+00,  0.0000000e+00,  0.0000000e+00,  0.0000000e+00 },
        { 5.1633474e-01, -0.0000000e+00,  4.7134697e-01,  0.0000000e+00, -6.0515365e-01,  0.0000000e+00,  3.8081430e-01, -0.0000000e+00,  0.0000000e+00,  0.0000000e+00,  0.0000000e+00,  0.0000000e+00,  0.0000000e+00,  0.0000000e+00,  0.0000000e+00,  0.0000000e+00,  0.0000000e+00 },
        { 0.0000000e+00, -6.9912054e-01,  0.0000000e+00,  5.9086470e-01, -0.0000000e+00, -3.8081430e-01,  0.0000000e+00,  1.3072813e-01,  0.0000000e+00,  0.0000000e+00,  0.0000000e+00,  0.0000000e+00,  0.0000000e+00,  0.0000000e+00,  0.0000000e+00,  0.0000000e+00,  0.0000000e+00 },
        { 8.3560887e-01, -0.0000000e+00, -4.5768183e-01,  0.0000000e+00,  2.7421764e-01, -0.0000000e+00, -1.3072813e-01,  0.0000000e+00,  0.0000000e+00,  0.0000000e+00,  0.0000000e+00,  0.0000000e+00,  0.0000000e+00,  0.0000000e+00,  0.0000000e+00,  0.0000000e+00,  0.0000000e+00 },
        { 0.0000000e+00,  0.0000000e+00,  0.0000000e+00,  0.0000000e+00,  0.0000000e+00,  0.0000000e+00,  0.0000000e+00,  0.0000000e+00,  2.7343750e-01,  0.0000000e+00, -3.9218439e-01,  0.0000000e+00,  4.1132646e-01,  0.0000000e+00, -4.5768183e-01,  0.0000000e+00,  6.2670665e-01 },
        { 0.0000000e+00,  0.0000000e+00,  0.0000000e+00,  0.0000000e+00,  0.0000000e+00,  0.0000000e+00,  0.0000000e+00,  0.0000000e+00, -0.0000000e+00,  5.4687500e-01, -0.0000000e+00, -5.3102017e-01,  0.0000000e+00,  4.9435288e-01, -0.0000000e+00, -4.1780444e-01,  0.0000000e+00 },
        { 0.0000000e+00,  0.0000000e+00,  0.0000000e+00,  0.0000000e+00,  0.0000000e+00,  0.0000000e+00,  0.0000000e+00,  0.0000000e+00, -3.9218439e-01,  0.0000000e+00,  5.0000000e-01, -0.0000000e+00, -3.2775277e-01,  0.0000000e+00,  1.3331760e-16, -0.0000000e+00,  6.9912054e-01 },
        { 0.0000000e+00,  0.0000000e+00,  0.0000000e+00,  0.0000000e+00,  0.0000000e+00,  0.0000000e+00,  0.0000000e+00,  0.0000000e+00, -0.0000000e+00, -5.3102017e-01,  0.0000000e+00,  2.6562500e-01, -0.0000000e+00,  2.1819125e-01,  0.0000000e+00, -7.7450211e-01,  0.0000000e+00 },
        { 0.0000000e+00,  0.0000000e+00,  0.0000000e+00,  0.0000000e+00,  0.0000000e+00,  0.0000000e+00,  0.0000000e+00,  0.0000000e+00,  4.1132646e-01, -0.0000000e+00, -3.2775277e-01,  0.0000000e+00, -2.8125000e-01, -0.0000000e+00,  7.3020759e-01, -0.0000000e+00,  3.3329264e-01 },
        { 0.0000000e+00,  0.0000000e+00,  0.0000000e+00,  0.0000000e+00,  0.0000000e+00,  0.0000000e+00,  0.0000000e+00,  0.0000000e+00, -0.0000000e+00,  4.9435288e-01, -0.0000000e+00,  2.1819125e-01,  0.0000000e+00, -7.0312500e-01,  0.0000000e+00, -4.6219373e-01,  0.0000000e+00 },
        { 0.0000000e+00,  0.0000000e+00,  0.0000000e+00,  0.0000000e+00,  0.0000000e+00,  0.0000000e+00,  0.0000000e+00,  0.0000000e+00, -4.5768183e-01,  0.0000000e+00,  1.3331760e-16, -0.0000000e+00,  7.3020759e-01, -0.0000000e+00,  5.0000000e-01, -0.0000000e+00,  8.5581650e-02 },
        { 0.0000000e+00,  0.0000000e+00,  0.0000000e+00,  0.0000000e+00,  0.0000000e+00,  0.0000000e+00,  0.0000000e+00,  0.0000000e+00, -0.0000000e+00, -4.1780444e-01,  0.0000000e+00, -7.7450211e-01,  0.0000000e+00, -4.6219373e-01,  0.0000000e+00, -1.0937500e-01,  0.0000000e+00 },
        { 0.0000000e+00,  0.0000000e+00,  0.0000000e+00,  0.0000000e+00,  0.0000000e+00,  0.0000000e+00,  0.0000000e+00,  0.0000000e+00,  6.2670665e-01, -0.0000000e+00,  6.9912054e-01, -0.0000000e+00,  3.3329264e-01, -0.0000000e+00,  8.5581650e-02, -0.0000000e+00,  7.8125000e-03 }
    };

    const double mat9[HOA_ROTATION_3D_MAXMATDIM][HOA_ROTATION_3D_MAXMATDIM] = {
        { 3.9062500e-03, -0.0000000e+00,  4.8317644e-02, -0.0000000e+00,  2.1608307e-01, -0.0000000e+00,  5.3222567e-01, -0.0000000e+00,  8.1712551e-01,  0.0000000e+00,  0.0000000e+00,  0.0000000e+00,  0.0000000e+00,  0.0000000e+00,  0.0000000e+00,  0.0000000e+00,  0.0000000e+00,  0.0000000e+00,  0.0000000e+00 },
        { 0.0000000e+00, -6.2500000e-02,  0.0000000e+00, -3.1560953e-01,  0.0000000e+00, -6.8179451e-01,  0.0000000e+00, -6.5699363e-01,  0.0000000e+00,  0.0000000e+00,  0.0000000e+00,  0.0000000e+00,  0.0000000e+00,  0.0000000e+00,  0.0000000e+00,  0.0000000e+00,  0.0000000e+00,  0.0000000e+00,  0.0000000e+00 },
        { 4.8317644e-02, -0.0000000e+00,  3.4765625e-01, -0.0000000e+00,  7.1624052e-01, -0.0000000e+00,  3.8725105e-01,  0.0000000e+00, -4.6242477e-01,  0.0000000e+00,  0.0000000e+00,  0.0000000e+00,  0.0000000e+00,  0.0000000e+00,  0.0000000e+00,  0.0000000e+00,  0.0000000e+00,  0.0000000e+00,  0.0000000e+00 },
        { 0.0000000e+00, -3.1560953e-01,  0.0000000e+00, -7.1875000e-01,  0.0000000e+00, -2.0252315e-01, -0.0000000e+00,  5.8546856e-01, -0.0000000e+00,  0.0000000e+00,  0.0000000e+00,  0.0000000e+00,  0.0000000e+00,  0.0000000e+00,  0.0000000e+00,  0.0000000e+00,  0.0000000e+00,  0.0000000e+00,  0.0000000e+00 },
        { 2.1608307e-01, -0.0000000e+00,  7.1624052e-01, -0.0000000e+00,  1.4062500e-01,  0.0000000e+00, -5.7727979e-01,  0.0000000e+00,  2.9543235e-01,  0.0000000e+00,  0.0000000e+00,  0.0000000e+00,  0.0000000e+00,  0.0000000e+00,  0.0000000e+00,  0.0000000e+00,  0.0000000e+00,  0.0000000e+00,  0.0000000e+00 },
        { 0.0000000e+00, -6.8179451e-01,  0.0000000e+00, -2.0252315e-01, -0.0000000e+00,  5.6250000e-01, -0.0000000e+00, -4.2158555e-01,  0.0000000e+00,  0.0000000e+00,  0.0000000e+00,  0.0000000e+00,  0.0000000e+00,  0.0000000e+00,  0.0000000e+00,  0.0000000e+00,  0.0000000e+00,  0.0000000e+00,  0.0000000e+00 },
        { 5.3222567e-01, -0.0000000e+00,  3.8725105e-01,  0.0000000e+00, -5.7727979e-01,  0.0000000e+00,  4.5312500e-01, -0.0000000e+00, -1.6792332e-01,  0.0000000e+00,  0.0000000e+00,  0.0000000e+00,  0.0000000e+00,  0.0000000e+00,  0.0000000e+00,  0.0000000e+00,  0.0000000e+00,  0.0000000e+00,  0.0000000e+00 },
        { 0.0000000e+00, -6.5699363e-01, -0.0000000e+00,  5.8546856e-01, -0.0000000e+00, -4.2158555e-01,  0.0000000e+00,  2.1875000e-01, -0.0000000e+00,  0.0000000e+00,  0.0000000e+00,  0.0000000e+00,  0.0000000e+00,  0.0000000e+00,  0.0000000e+00,  0.0000000e+00,  0.0000000e+00,  0.0000000e+00,  0.0000000e+00 },
        { 8.1712551e-01, -0.0000000e+00, -4.6242477e-01,  0.0000000e+00,  2.9543235e-01, -0.0000000e+00, -1.6792332e-01,  0.0000000e+00,  5.4687500e-02,  0.0000000e+00,  0.0000000e+00,  0.0000000e+00,  0.0000000e+00,  0.0000000e+00,  0.0000000e+00,  0.0000000e+00,  0.0000000e+00,  0.0000000e+00,  0.0000000e+00 },
        { 0.0000000e+00,  0.0000000e+00,  0.0000000e+00,  0.0000000e+00,  0.0000000e+00,  0.0000000e+00,  0.0000000e+00,  0.0000000e+00,  0.0000000e+00,  0.0000000e+00,  3.6685490e-01,  0.0000000e+00, -3.7548796e-01,  0.0000000e+00,  3.9636409e-01,  0.0000000e+00, -4.4314853e-01,  0.0000000e+00,  6.0904939e-01 },
        { 0.0000000e+00,  0.0000000e+00,  0.0000000e+00,  0.0000000e+00,  0.0000000e+00,  0.0000000e+00,  0.0000000e+00,  0.0000000e+00,  0.0000000e+00, -3.6685490e-01,  0.0000000e+00,  5.1301422e-01, -0.0000000e+00, -4.9435288e-01,  0.0000000e+00,  4.5768183e-01, -0.0000000e+00, -3.8519666e-01,  0.0000000e+00 },
        { 0.0000000e+00,  0.0000000e+00,  0.0000000e+00,  0.0000000e+00,  0.0000000e+00,  0.0000000e+00,  0.0000000e+00,  0.0000000e+00,  0.0000000e+00,  0.0000000e+00, -5.1301422e-01,  0.0000000e+00,  4.2961647e-01, -0.0000000e+00, -2.5194555e-01,  0.0000000e+00, -5.6336739e-02, -0.0000000e+00,  6.9684697e-01 },
        { 0.0000000e+00,  0.0000000e+00,  0.0000000e+00,  0.0000000e+00,  0.0000000e+00,  0.0000000e+00,  0.0000000e+00,  0.0000000e+00,  0.0000000e+00,  3.7548796e-01, -0.0000000e+00, -4.2961647e-01,  0.0000000e+00,  1.3799626e-01, -0.0000000e+00,  2.9810600e-01,  0.0000000e+00, -7.5268076e-01,  0.0000000e+00 },
        { 0.0000000e+00,  0.0000000e+00,  0.0000000e+00,  0.0000000e+00,  0.0000000e+00,  0.0000000e+00,  0.0000000e+00,  0.0000000e+00,  0.0000000e+00,  0.0000000e+00,  4.9435288e-01, -0.0000000e+00, -1.3799626e-01,  0.0000000e+00, -3.9218439e-01, -0.0000000e+00,  6.7232906e-01, -0.0000000e+00,  3.6157614e-01 },
        { 0.0000000e+00,  0.0000000e+00,  0.0000000e+00,  0.0000000e+00,  0.0000000e+00,  0.0000000e+00,  0.0000000e+00,  0.0000000e+00,  0.0000000e+00, -3.9636409e-01,  0.0000000e+00,  2.5194555e-01, -0.0000000e+00,  3.9218439e-01,  0.0000000e+00, -6.0515365e-01,  0.0000000e+00, -5.0931269e-01,  0.0000000e+00 },
        { 0.0000000e+00,  0.0000000e+00,  0.0000000e+00,  0.0000000e+00,  0.0000000e+00,  0.0000000e+00,  0.0000000e+00,  0.0000000e+00,  0.0000000e+00,  0.0000000e+00, -4.5768183e-01,  0.0000000e+00, -2.9810600e-01, -0.0000000e+00,  6.0515365e-01, -0.0000000e+00,  5.6832917e-01, -0.0000000e+00,  1.1158482e-01 },
        { 0.0000000e+00,  0.0000000e+00,  0.0000000e+00,  0.0000000e+00,  0.0000000e+00,  0.0000000e+00,  0.0000000e+00,  0.0000000e+00,  0.0000000e+00,  4.4314853e-01, -0.0000000e+00,  5.6336739e-02,  0.0000000e+00, -6.7232906e-01,  0.0000000e+00, -5.6832917e-01,  0.0000000e+00, -1.5944009e-01,  0.0000000e+00 },
        { 0.0000000e+00,  0.0000000e+00,  0.0000000e+00,  0.0000000e+00,  0.0000000e+00,  0.0000000e+00,  0.0000000e+00,  0.0000000e+00,  0.0000000e+00,  0.0000000e+00,  3.8519666e-01, -0.0000000e+00,  7.5268076e-01, -0.0000000e+00,  5.0931269e-01, -0.0000000e+00,  1.5944009e-01, -0.0000000e+00,  1.6572815e-02 },
        { 0.0000000e+00,  0.0000000e+00,  0.0000000e+00,  0.0000000e+00,  0.0000000e+00,  0.0000000e+00,  0.0000000e+00,  0.0000000e+00,  0.0000000e+00, -6.0904939e-01,  0.0000000e+00, -6.9684697e-01,  0.0000000e+00, -3.6157614e-01,  0.0000000e+00, -1.1158482e-01,  0.0000000e+00, -1.6572815e-02,  0.0000000e+00 }
    };

    const double mat10[HOA_ROTATION_3D_MAXMATDIM][HOA_ROTATION_3D_MAXMATDIM] = {
        { 0.0000000e+00, -8.7346405e-03,  0.0000000e+00, -6.5945090e-02,  0.0000000e+00, -2.4319348e-01,  0.0000000e+00, -5.4379714e-01,  0.0000000e+00, -8.0044772e-01,  0.0000000e+00,  0.0000000e+00,  0.0000000e+00,  0.0000000e+00,  0.0000000e+00,  0.0000000e+00,  0.0000000e+00,  0.0000000e+00,  0.0000000e+00,  0.0000000e+00,  0.0000000e+00 },
        { 8.7346405e-03, -0.0000000e+00,  9.6318969e-02, -0.0000000e+00,  3.6479021e-01, -0.0000000e+00,  6.8785502e-01, -0.0000000e+00,  6.2002414e-01, -0.0000000e+00,  0.0000000e+00,  0.0000000e+00,  0.0000000e+00,  0.0000000e+00,  0.0000000e+00,  0.0000000e+00,  0.0000000e+00,  0.0000000e+00,  0.0000000e+00,  0.0000000e+00,  0.0000000e+00 },
        { 0.0000000e+00, -9.6318969e-02,  0.0000000e+00, -4.2100605e-01,  0.0000000e+00, -7.0572436e-01,  0.0000000e+00, -3.1560953e-01, -0.0000000e+00,  4.6456465e-01,  0.0000000e+00,  0.0000000e+00,  0.0000000e+00,  0.0000000e+00,  0.0000000e+00,  0.0000000e+00,  0.0000000e+00,  0.0000000e+00,  0.0000000e+00,  0.0000000e+00,  0.0000000e+00 },
        { 6.5945090e-02, -0.0000000e+00,  4.2100605e-01, -0.0000000e+00,  6.9255290e-01, -0.0000000e+00,  9.1108623e-02,  0.0000000e+00, -5.7486942e-01,  0.0000000e+00,  0.0000000e+00,  0.0000000e+00,  0.0000000e+00,  0.0000000e+00,  0.0000000e+00,  0.0000000e+00,  0.0000000e+00,  0.0000000e+00,  0.0000000e+00,  0.0000000e+00,  0.0000000e+00 },
        { 0.0000000e+00, -3.6479021e-01,  0.0000000e+00, -6.9255290e-01,  0.0000000e+00,  1.7469281e-02, -0.0000000e+00,  5.3906250e-01, -0.0000000e+00, -3.1049159e-01,  0.0000000e+00,  0.0000000e+00,  0.0000000e+00,  0.0000000e+00,  0.0000000e+00,  0.0000000e+00,  0.0000000e+00,  0.0000000e+00,  0.0000000e+00,  0.0000000e+00,  0.0000000e+00 },
        { 2.4319348e-01, -0.0000000e+00,  7.0572436e-01, -0.0000000e+00, -1.7469281e-02,  0.0000000e+00, -4.9410588e-01,  0.0000000e+00,  4.4538103e-01, -0.0000000e+00,  0.0000000e+00,  0.0000000e+00,  0.0000000e+00,  0.0000000e+00,  0.0000000e+00,  0.0000000e+00,  0.0000000e+00,  0.0000000e+00,  0.0000000e+00,  0.0000000e+00,  0.0000000e+00 },
        { 0.0000000e+00, -6.8785502e-01,  0.0000000e+00, -9.1108623e-02, -0.0000000e+00,  4.9410588e-01,  0.0000000e+00, -4.8613591e-01,  0.0000000e+00,  1.9515619e-01,  0.0000000e+00,  0.0000000e+00,  0.0000000e+00,  0.0000000e+00,  0.0000000e+00,  0.0000000e+00,  0.0000000e+00,  0.0000000e+00,  0.0000000e+00,  0.0000000e+00,  0.0000000e+00 },
        { 5.4379714e-01, -0.0000000e+00,  3.1560953e-01,  0.0000000e+00, -5.3906250e-01,  0.0000000e+00,  4.8613591e-01, -0.0000000e+00, -2.7885263e-01,  0.0000000e+00,  0.0000000e+00,  0.0000000e+00,  0.0000000e+00,  0.0000000e+00,  0.0000000e+00,  0.0000000e+00,  0.0000000e+00,  0.0000000e+00,  0.0000000e+00,  0.0000000e+00,  0.0000000e+00 },
        { 0.0000000e+00, -6.2002414e-01, -0.0000000e+00,  5.7486942e-01, -0.0000000e+00, -4.4538103e-01,  0.0000000e+00,  2.7885263e-01, -0.0000000e+00, -9.4721529e-02,  0.0000000e+00,  0.0000000e+00,  0.0000000e+00,  0.0000000e+00,  0.0000000e+00,  0.0000000e+00,  0.0000000e+00,  0.0000000e+00,  0.0000000e+00,  0.0000000e+00,  0.0000000e+00 },
        { 8.0044772e-01, -0.0000000e+00, -4.6456465e-01,  0.0000000e+00,  3.1049159e-01, -0.0000000e+00, -1.9515619e-01,  0.0000000e+00,  9.4721529e-02, -0.0000000e+00,  0.0000000e+00,  0.0000000e+00,  0.0000000e+00,  0.0000000e+00,  0.0000000e+00,  0.0000000e+00,  0.0000000e+00,  0.0000000e+00,  0.0000000e+00,  0.0000000e+00,  0.0000000e+00 },
        { 0.0000000e+00,  0.0000000e+00,  0.0000000e+00,  0.0000000e+00,  0.0000000e+00,  0.0000000e+00,  0.0000000e+00,  0.0000000e+00,  0.0000000e+00,  0.0000000e+00, -2.4609375e-01,  0.0000000e+00,  3.5123683e-01,  0.0000000e+00, -3.6182926e-01,  0.0000000e+00,  3.8377788e-01,  0.0000000e+00, -4.3066296e-01,  0.0000000e+00,  5.9362792e-01 },
        { 0.0000000e+00,  0.0000000e+00,  0.0000000e+00,  0.0000000e+00,  0.0000000e+00,  0.0000000e+00,  0.0000000e+00,  0.0000000e+00,  0.0000000e+00,  0.0000000e+00, -0.0000000e+00, -4.9218750e-01,  0.0000000e+00,  4.8298692e-01, -0.0000000e+00, -4.6285354e-01,  0.0000000e+00,  4.2672988e-01, -0.0000000e+00, -3.5797110e-01,  0.0000000e+00 },
        { 0.0000000e+00,  0.0000000e+00,  0.0000000e+00,  0.0000000e+00,  0.0000000e+00,  0.0000000e+00,  0.0000000e+00,  0.0000000e+00,  0.0000000e+00,  0.0000000e+00,  3.5123683e-01, -0.0000000e+00, -4.6484375e-01,  0.0000000e+00,  3.6618880e-01, -0.0000000e+00, -1.8922143e-01,  0.0000000e+00, -1.0058120e-01, -0.0000000e+00,  6.9320806e-01 },
        { 0.0000000e+00,  0.0000000e+00,  0.0000000e+00,  0.0000000e+00,  0.0000000e+00,  0.0000000e+00,  0.0000000e+00,  0.0000000e+00,  0.0000000e+00,  0.0000000e+00, -0.0000000e+00,  4.8298692e-01, -0.0000000e+00, -3.2812500e-01,  0.0000000e+00,  3.4938562e-02, -0.0000000e+00,  3.5432939e-01,  0.0000000e+00, -7.2958043e-01,  0.0000000e+00 },
        { 0.0000000e+00,  0.0000000e+00,  0.0000000e+00,  0.0000000e+00,  0.0000000e+00,  0.0000000e+00,  0.0000000e+00,  0.0000000e+00,  0.0000000e+00,  0.0000000e+00, -3.6182926e-01,  0.0000000e+00,  3.6618880e-01, -0.0000000e+00,  1.5625000e-02,  0.0000000e+00, -4.5851455e-01, -0.0000000e+00,  6.1371651e-01, -0.0000000e+00,  3.8452265e-01 },
        { 0.0000000e+00,  0.0000000e+00,  0.0000000e+00,  0.0000000e+00,  0.0000000e+00,  0.0000000e+00,  0.0000000e+00,  0.0000000e+00,  0.0000000e+00,  0.0000000e+00, -0.0000000e+00, -4.6285354e-01,  0.0000000e+00,  3.4938562e-02, -0.0000000e+00,  4.8437500e-01, -0.0000000e+00, -5.0419384e-01,  0.0000000e+00, -5.4379714e-01,  0.0000000e+00 },
        { 0.0000000e+00,  0.0000000e+00,  0.0000000e+00,  0.0000000e+00,  0.0000000e+00,  0.0000000e+00,  0.0000000e+00,  0.0000000e+00,  0.0000000e+00,  0.0000000e+00,  3.8377788e-01, -0.0000000e+00, -1.8922143e-01,  0.0000000e+00, -4.5851455e-01,  0.0000000e+00,  4.6289062e-01, -0.0000000e+00,  6.1149346e-01, -0.0000000e+00,  1.3594929e-01 },
        { 0.0000000e+00,  0.0000000e+00,  0.0000000e+00,  0.0000000e+00,  0.0000000e+00,  0.0000000e+00,  0.0000000e+00,  0.0000000e+00,  0.0000000e+00,  0.0000000e+00, -0.0000000e+00,  4.2672988e-01, -0.0000000e+00,  3.5432939e-01,  0.0000000e+00, -5.0419384e-01,  0.0000000e+00, -6.2890625e-01,  0.0000000e+00, -2.0644079e-01,  0.0000000e+00 },
        { 0.0000000e+00,  0.0000000e+00,  0.0000000e+00,  0.0000000e+00,  0.0000000e+00,  0.0000000e+00,  0.0000000e+00,  0.0000000e+00,  0.0000000e+00,  0.0000000e+00, -4.3066296e-01,  0.0000000e+00, -1.0058120e-01, -0.0000000e+00,  6.1371651e-01, -0.0000000e+00,  6.1149346e-01, -0.0000000e+00,  2.3046875e-01, -0.0000000e+00,  2.6921970e-02 },
        { 0.0000000e+00,  0.0000000e+00,  0.0000000e+00,  0.0000000e+00,  0.0000000e+00,  0.0000000e+00,  0.0000000e+00,  0.0000000e+00,  0.0000000e+00,  0.0000000e+00, -0.0000000e+00, -3.5797110e-01,  0.0000000e+00, -7.2958043e-01,  0.0000000e+00, -5.4379714e-01,  0.0000000e+00, -2.0644079e-01,  0.0000000e+00, -3.5156250e-02,  0.0000000e+00 },
        { 0.0000000e+00,  0.0000000e+00,  0.0000000e+00,  0.0000000e+00,  0.0000000e+00,  0.0000000e+00,  0.0000000e+00,  0.0000000e+00,  0.0000000e+00,  0.0000000e+00,  5.9362792e-01, -0.0000000e+00,  6.9320806e-01, -0.0000000e+00,  3.8452265e-01, -0.0000000e+00,  1.3594929e-01, -0.0000000e+00,  2.6921970e-02, -0.0000000e+00,  1.9531250e-03 }
    };

    const double mat11[HOA_ROTATION_3D_MAXMATDIM][HOA_ROTATION_3D_MAXMATDIM] = {
        { 9.7656250e-04, -0.0000000e+00,  1.4842465e-02, -0.0000000e+00,  8.3523216e-02, -0.0000000e+00,  2.6675176e-01, -0.0000000e+00,  5.5222861e-01, -0.0000000e+00,  7.8529592e-01,  0.0000000e+00,  0.0000000e+00,  0.0000000e+00,  0.0000000e+00,  0.0000000e+00,  0.0000000e+00,  0.0000000e+00,  0.0000000e+00,  0.0000000e+00,  0.0000000e+00,  0.0000000e+00,  0.0000000e+00 },
        { 0.0000000e+00, -1.9531250e-02,  0.0000000e+00, -1.3072813e-01,  0.0000000e+00, -4.0544165e-01,  0.0000000e+00, -6.8785502e-01,  0.0000000e+00, -5.8736805e-01,  0.0000000e+00,  0.0000000e+00,  0.0000000e+00,  0.0000000e+00,  0.0000000e+00,  0.0000000e+00,  0.0000000e+00,  0.0000000e+00,  0.0000000e+00,  0.0000000e+00,  0.0000000e+00,  0.0000000e+00,  0.0000000e+00 },
        { 1.4842465e-02, -0.0000000e+00,  1.4746094e-01, -0.0000000e+00,  4.7810190e-01, -0.0000000e+00,  6.8448811e-01, -0.0000000e+00,  2.5433782e-01,  0.0000000e+00, -4.6501810e-01,  0.0000000e+00,  0.0000000e+00,  0.0000000e+00,  0.0000000e+00,  0.0000000e+00,  0.0000000e+00,  0.0000000e+00,  0.0000000e+00,  0.0000000e+00,  0.0000000e+00,  0.0000000e+00,  0.0000000e+00 },
        { 0.0000000e+00, -1.3072813e-01,  0.0000000e+00, -5.0000000e-01,  0.0000000e+00, -6.4612729e-01,  0.0000000e+00,  7.8436447e-17, -0.0000000e+00,  5.6163127e-01, -0.0000000e+00,  0.0000000e+00,  0.0000000e+00,  0.0000000e+00,  0.0000000e+00,  0.0000000e+00,  0.0000000e+00,  0.0000000e+00,  0.0000000e+00,  0.0000000e+00,  0.0000000e+00,  0.0000000e+00,  0.0000000e+00 },
        { 8.3523216e-02, -0.0000000e+00,  4.7810190e-01, -0.0000000e+00,  6.2792969e-01, -0.0000000e+00, -1.4035007e-01,  0.0000000e+00, -4.9716719e-01,  0.0000000e+00,  3.2136178e-01,  0.0000000e+00,  0.0000000e+00,  0.0000000e+00,  0.0000000e+00,  0.0000000e+00,  0.0000000e+00,  0.0000000e+00,  0.0000000e+00,  0.0000000e+00,  0.0000000e+00,  0.0000000e+00,  0.0000000e+00 },
        { 0.0000000e+00, -4.0544165e-01,  0.0000000e+00, -6.4612729e-01,  0.0000000e+00,  1.8359375e-01, -0.0000000e+00,  4.1751216e-01,  0.0000000e+00, -4.5838142e-01,  0.0000000e+00,  0.0000000e+00,  0.0000000e+00,  0.0000000e+00,  0.0000000e+00,  0.0000000e+00,  0.0000000e+00,  0.0000000e+00,  0.0000000e+00,  0.0000000e+00,  0.0000000e+00,  0.0000000e+00,  0.0000000e+00 },
        { 2.6675176e-01, -0.0000000e+00,  6.8448811e-01, -0.0000000e+00, -1.4035007e-01,  0.0000000e+00, -3.8574219e-01, -0.0000000e+00,  4.9531073e-01, -0.0000000e+00, -2.1561916e-01,  0.0000000e+00,  0.0000000e+00,  0.0000000e+00,  0.0000000e+00,  0.0000000e+00,  0.0000000e+00,  0.0000000e+00,  0.0000000e+00,  0.0000000e+00,  0.0000000e+00,  0.0000000e+00,  0.0000000e+00 },
        { 0.0000000e+00, -6.8785502e-01,  0.0000000e+00,  7.8436447e-17, -0.0000000e+00,  4.1751216e-01,  0.0000000e+00, -5.0000000e-01,  0.0000000e+00,  3.2021721e-01, -0.0000000e+00,  0.0000000e+00,  0.0000000e+00,  0.0000000e+00,  0.0000000e+00,  0.0000000e+00,  0.0000000e+00,  0.0000000e+00,  0.0000000e+00,  0.0000000e+00,  0.0000000e+00,  0.0000000e+00,  0.0000000e+00 },
        { 5.5222861e-01, -0.0000000e+00,  2.5433782e-01,  0.0000000e+00, -4.9716719e-01, -0.0000000e+00,  4.9531073e-01, -0.0000000e+00, -3.4960938e-01,  0.0000000e+00,  1.2498474e-01,  0.0000000e+00,  0.0000000e+00,  0.0000000e+00,  0.0000000e+00,  0.0000000e+00,  0.0000000e+00,  0.0000000e+00,  0.0000000e+00,  0.0000000e+00,  0.0000000e+00,  0.0000000e+00,  0.0000000e+00 },
        { 0.0000000e+00, -5.8736805e-01, -0.0000000e+00,  5.6163127e-01, -0.0000000e+00, -4.5838142e-01,  0.0000000e+00,  3.2021721e-01, -0.0000000e+00, -1.6406250e-01,  0.0000000e+00,  0.0000000e+00,  0.0000000e+00,  0.0000000e+00,  0.0000000e+00,  0.0000000e+00,  0.0000000e+00,  0.0000000e+00,  0.0000000e+00,  0.0000000e+00,  0.0000000e+00,  0.0000000e+00,  0.0000000e+00 },
        { 7.8529592e-01, -0.0000000e+00, -4.6501810e-01,  0.0000000e+00,  3.2136178e-01, -0.0000000e+00, -2.1561916e-01,  0.0000000e+00,  1.2498474e-01, -0.0000000e+00, -4.1015625e-02,  0.0000000e+00,  0.0000000e+00,  0.0000000e+00,  0.0000000e+00,  0.0000000e+00,  0.0000000e+00,  0.0000000e+00,  0.0000000e+00,  0.0000000e+00,  0.0000000e+00,  0.0000000e+00,  0.0000000e+00 },
        { 0.0000000e+00,  0.0000000e+00,  0.0000000e+00,  0.0000000e+00,  0.0000000e+00,  0.0000000e+00,  0.0000000e+00,  0.0000000e+00,  0.0000000e+00,  0.0000000e+00,  0.0000000e+00,  0.0000000e+00, -3.3321251e-01,  0.0000000e+00,  3.3846028e-01,  0.0000000e+00, -3.5033967e-01,  0.0000000e+00,  3.7296506e-01,  0.0000000e+00, -4.1975833e-01,  0.0000000e+00,  5.7997947e-01 },
        { 0.0000000e+00,  0.0000000e+00,  0.0000000e+00,  0.0000000e+00,  0.0000000e+00,  0.0000000e+00,  0.0000000e+00,  0.0000000e+00,  0.0000000e+00,  0.0000000e+00,  0.0000000e+00,  3.3321251e-01, -0.0000000e+00, -4.6765008e-01,  0.0000000e+00,  4.5637974e-01, -0.0000000e+00, -4.3552936e-01,  0.0000000e+00,  4.0022386e-01, -0.0000000e+00, -3.3485131e-01,  0.0000000e+00 },
        { 0.0000000e+00,  0.0000000e+00,  0.0000000e+00,  0.0000000e+00,  0.0000000e+00,  0.0000000e+00,  0.0000000e+00,  0.0000000e+00,  0.0000000e+00,  0.0000000e+00,  0.0000000e+00,  0.0000000e+00,  4.6765008e-01, -0.0000000e+00, -4.1655170e-01,  0.0000000e+00,  3.1014124e-01, -0.0000000e+00, -1.3689999e-01,  0.0000000e+00, -1.3594929e-01, -0.0000000e+00,  6.8875008e-01 },
        { 0.0000000e+00,  0.0000000e+00,  0.0000000e+00,  0.0000000e+00,  0.0000000e+00,  0.0000000e+00,  0.0000000e+00,  0.0000000e+00,  0.0000000e+00,  0.0000000e+00,  0.0000000e+00, -3.3846028e-01,  0.0000000e+00,  4.1655170e-01, -0.0000000e+00, -2.3534954e-01,  0.0000000e+00, -4.7641840e-02, -0.0000000e+00,  3.9401846e-01,  0.0000000e+00, -7.0641321e-01,  0.0000000e+00 },
        { 0.0000000e+00,  0.0000000e+00,  0.0000000e+00,  0.0000000e+00,  0.0000000e+00,  0.0000000e+00,  0.0000000e+00,  0.0000000e+00,  0.0000000e+00,  0.0000000e+00,  0.0000000e+00,  0.0000000e+00, -4.5637974e-01,  0.0000000e+00,  2.3534954e-01, -0.0000000e+00,  1.3435456e-01,  0.0000000e+00, -4.9510852e-01,  0.0000000e+00,  5.5722625e-01, -0.0000000e+00,  4.0329075e-01 },
        { 0.0000000e+00,  0.0000000e+00,  0.0000000e+00,  0.0000000e+00,  0.0000000e+00,  0.0000000e+00,  0.0000000e+00,  0.0000000e+00,  0.0000000e+00,  0.0000000e+00,  0.0000000e+00,  3.5033967e-01, -0.0000000e+00, -3.1014124e-01,  0.0000000e+00, -1.3435456e-01, -0.0000000e+00,  5.2272828e-01, -0.0000000e+00, -4.0784786e-01,  0.0000000e+00, -5.6871666e-01,  0.0000000e+00 },
        { 0.0000000e+00,  0.0000000e+00,  0.0000000e+00,  0.0000000e+00,  0.0000000e+00,  0.0000000e+00,  0.0000000e+00,  0.0000000e+00,  0.0000000e+00,  0.0000000e+00,  0.0000000e+00,  0.0000000e+00,  4.3552936e-01, -0.0000000e+00,  4.7641840e-02,  0.0000000e+00, -5.2272828e-01,  0.0000000e+00,  3.2425699e-01, -0.0000000e+00,  6.3603689e-01, -0.0000000e+00,  1.5847416e-01 },
        { 0.0000000e+00,  0.0000000e+00,  0.0000000e+00,  0.0000000e+00,  0.0000000e+00,  0.0000000e+00,  0.0000000e+00,  0.0000000e+00,  0.0000000e+00,  0.0000000e+00,  0.0000000e+00, -3.7296506e-01,  0.0000000e+00,  1.3689999e-01, -0.0000000e+00,  4.9510852e-01, -0.0000000e+00, -3.2425699e-01,  0.0000000e+00, -6.5553754e-01,  0.0000000e+00, -2.4930093e-01,  0.0000000e+00 },
        { 0.0000000e+00,  0.0000000e+00,  0.0000000e+00,  0.0000000e+00,  0.0000000e+00,  0.0000000e+00,  0.0000000e+00,  0.0000000e+00,  0.0000000e+00,  0.0000000e+00,  0.0000000e+00,  0.0000000e+00, -4.0022386e-01,  0.0000000e+00, -3.9401846e-01,  0.0000000e+00,  4.0784786e-01, -0.0000000e+00,  6.5553754e-01, -0.0000000e+00,  2.9501240e-01, -0.0000000e+00,  3.8323080e-02 },
        { 0.0000000e+00,  0.0000000e+00,  0.0000000e+00,  0.0000000e+00,  0.0000000e+00,  0.0000000e+00,  0.0000000e+00,  0.0000000e+00,  0.0000000e+00,  0.0000000e+00,  0.0000000e+00,  4.1975833e-01, -0.0000000e+00,  1.3594929e-01,  0.0000000e+00, -5.5722625e-01,  0.0000000e+00, -6.3603689e-01,  0.0000000e+00, -2.9501240e-01,  0.0000000e+00, -5.6959635e-02,  0.0000000e+00 },
        { 0.0000000e+00,  0.0000000e+00,  0.0000000e+00,  0.0000000e+00,  0.0000000e+00,  0.0000000e+00,  0.0000000e+00,  0.0000000e+00,  0.0000000e+00,  0.0000000e+00,  0.0000000e+00,  0.0000000e+00,  3.3485131e-01, -0.0000000e+00,  7.0641321e-01, -0.0000000e+00,  5.6871666e-01, -0.0000000e+00,  2.4930093e-01, -0.0000000e+00,  5.6959635e-02, -0.0000000e+00,  4.5804841e-03 },
        { 0.0000000e+00,  0.0000000e+00,  0.0000000e+00,  0.0000000e+00,  0.0000000e+00,  0.0000000e+00,  0.0000000e+00,  0.0000000e+00,  0.0000000e+00,  0.0000000e+00,  0.0000000e+00, -5.7997947e-01,  0.0000000e+00, -6.8875008e-01,  0.0000000e+00, -4.0329075e-01,  0.0000000e+00, -1.5847416e-01,  0.0000000e+00, -3.8323080e-02,  0.0000000e+00, -4.5804841e-03,  0.0000000e+00 }
    };

    const double mat12[HOA_ROTATION_3D_MAXMATDIM][HOA_ROTATION_3D_MAXMATDIM] = {
